%% Individual plots
cubic = [0.795068, 0.035368, 0.096843, 0.212466, 0.398876, 0.68064, 1.04266, 1.55402, 2.16857, 3.11933, 3.90145, 5.0238, 6.45603, 7.89369, 10.5965, 11.7353, 14.0018, 17.4272, 19.6271, 23.5255, 27.4516, 31.8539, 34.2517, 39.4998, 44.705, 50.1425, 56.2931, 61.7729, 70.4449, 78.422, 85.1158, 94.7149, 102.523, 112.304, 118.892, 132.236, 143.885, 153.533, 164.679, 181.775, 190.548, 212.547, 220.559, 239.683, 254.63, 272.721, 290.158, 307.492, 332.433, 348.642, 368.779, 391.902, 414.21, 436.742, 460.183, 486.432, 515.211, 540.785, 563.744, 596.287, 628.374, 656.289, 689.666, 722.988, 755.574, 794.367, 829.676, 873.738, 903.791, 943.687, 989.402, 1022.56, 1079.57, 1122.5, 1166.72, 1218.22, 1259.02, 1319.22, 1348.33, 1417.44, 1466.02, 1521.72, 1594.01, 1691.71, 1734.03, 1808.96, 1825.24, 1874.39, 1937.75, 2007.75, 2070.5, 2196.93, 2280.15, 2311.4, 2437.95, 2507.01, 2555.34, 2669.07, 2735.09];
cubic_int = 10:10:999;
quadratic = [0.527499, 0.007034, 0.012303, 0.019982, 0.029722, 0.073059, 0.075081, 0.118878, 0.09415, 0.140728, 0.14695, 0.1907, 0.185106, 0.219486, 0.256892, 0.279335, 0.314814, 0.358438, 0.405033, 0.435037, 0.484932, 0.571557, 0.624885, 0.621568, 0.717253, 0.715511, 0.835333, 0.82909, 0.972924, 1.01085, 1.13509, 1.12205, 1.21052, 1.28575, 1.33791, 1.40628, 1.49438, 1.60531, 1.72707, 1.77862, 1.87167, 1.97606, 2.08502, 2.15384, 2.23489, 2.31463, 2.39249, 2.61614, 2.87713, 2.74418, 2.81949, 2.94012, 3.20745, 3.19303, 3.33569, 3.71824, 3.60919, 3.62616, 3.76346, 3.92868, 4.42436, 4.40301, 4.35508, 4.41295, 5.49031, 4.86977, 4.71698, 4.87326, 5.45692, 5.32225, 5.29355, 5.89386, 5.64149, 5.76475, 5.99685, 6.28376, 6.26645, 6.48696, 6.73011, 6.76697, 6.97501, 7.29083, 7.31963, 7.52237, 7.66518, 8.0511, 8.82569, 8.68882, 9.55241, 9.31938, 9.76195, 10.1435, 10.0824, 9.99843, 10.5044, 10.2461, 10.3718, 10.5485, 10.9121];
quad_int = 10:10:999;
logaritmic = [ 0.000899, 0.049338, 0.059776, 0.108846, 0.118117, 0.149864, 0.181794, 0.20439, 0.257165, 0.319029, 0.314815, 0.357469, 0.374901, 0.414031, 0.439146, 0.486695, 0.512401, 0.553777, 0.574108, 0.6819, 0.633684, 0.657221, 0.711549, 0.773828, 0.758052, 0.790187, 0.838133, 0.865119, 0.904437, 0.911054, 0.967112, 1.04567, 1.17323, 1.12179, 1.17626, 1.22819, 1.22878, 1.27681, 1.32812, 1.319, 1.31051, 1.35098, 1.40026, 1.46362, 1.49865, 1.5155, 1.57244, 1.57294, 1.55469, 1.57336, 1.66323, 1.68604, 1.74764, 1.74752, 1.81085, 1.94687, 1.86988, 1.88665, 1.89995, 1.955, 1.98655, 2.50588, 2.11293, 2.12774, 2.1226, 2.14228, 2.18423, 2.22811, 2.29028, 2.30297, 2.32951, 2.39197, 2.40619, 2.43106, 2.52624, 2.52576, 2.589, 2.61758, 2.63768, 2.63733, 2.7123, 2.70354, 2.70154, 2.76435, 2.81978, 2.84828, 2.87759, 2.95592, 2.9537, 3.02193, 3.02255, 3.08518, 3.11571, 3.17657, 3.21269, 3.30723, 3.31423, 3.29621, 3.31113, 3.38485, 3.49129, 3.52301, 3.62154, 3.68912, 3.56545, 3.56883, 3.64573, 3.71593, 3.69799, 3.78663, 3.79306, 3.76872, 3.92774, 3.70012, 3.86262, 3.81492, 4.36705, 4.22365, 4.09678, 4.11067, 4.31541, 4.28669, 4.17998, 4.2663, 4.26232, 4.29727, 4.30163, 4.38668, 4.34696, 4.57906, 4.41715, 4.40191, 4.52937, 4.54374, 4.62142, 4.63428, 4.71416, 4.73647, 4.79126, 4.80168, 4.9531, 4.89705, 4.92105, 4.98523, 4.95048, 4.98679, 5.01358, 5.08392, 5.11562, 5.36693, 5.16419, 5.25252, 5.25895, 5.36337, 5.70849, 5.28085, 5.30116, 6.0338, 5.31026, 5.33798, 5.3491, 5.44903, 5.53842, 5.54711, 5.6, 5.6231, 5.68038, 5.7277, 5.78961, 5.86213, 5.88881, 5.92606, 5.99534, 6.06901, 6.10876, 6.08046, 6.1047, 6.16828, 6.1704, 6.20559, 6.29729, 6.84016, 6.23868, 6.25243, 6.25148, 6.2866, 6.35845, 6.33193, 6.80974, 6.39152, 6.48348, 6.47034, 6.58649, 6.49926, 6.50341, 6.62083, 6.5573, 6.58012, 6.65289, 6.74203, 6.72623, 6.82542, 8.15864, 6.92918, 6.96027, 7.08406, 7.06435, 7.27261, 7.45194, 7.26292, 7.22741, 7.23349, 7.24682, 7.29557, 7.33202, 7.55494, 7.55567, 7.63728, 7.65076, 7.678, 7.73302, 7.74754, 7.73984, 7.77146, 7.81839, 7.81805, 7.83659, 7.96224, 7.79803, 7.90965, 8.32733, 8.36795, 8.29415, 7.99401, 8.0587, 8.05689, 8.08059, 8.08469, 8.48698, 8.37762, 8.42252, 8.41196, 8.56328, 8.56523, 8.57842, 8.59365, 8.66027, 8.73964, 8.77605, 8.73839, 8.85783, 9.24151, 8.97514, 9.06825, 8.72172, 8.73861, 8.69306, 8.76931, 8.77759, 9.0467, 9.06271, 9.1995, 9.12091, 9.08729, 9.29634, 9.26387, 9.32079, 9.31124, 9.44834, 9.50304, 9.56719, 9.50725, 9.60614, 9.78031, 9.80865, 9.71092, 9.81138, 9.79078, 9.82865, 9.65462, 9.71369, 9.71516, 9.79115, 9.81272, 10.1112, 9.88144, 9.95295, 10.5301, 10.3121, 10.297, 10.323, 10.3716, 10.3651, 10.3669, 10.3871, 10.4242, 10.4192, 10.2923, 10.2815, 10.3228, 10.3768, 10.4728, 10.595, 10.5615, 10.5567, 11.1334, 10.9297, 10.8161, 10.769, 10.7287, 10.7717, 10.865, 10.8682, 10.8882, 10.8962, 10.8582, 10.979, 10.9759, 11.0828, 11.1063, 10.9936, 11.7621, 11.4982, 11.4641, 11.3914, 11.1217, 11.0758, 11.1086, 11.159, 11.2554, 11.232, 11.4897, 11.4059, 11.4357, 11.5158, 11.5728, 11.592, 12.9124, 11.9617, 12.0107, 12.0626, 12.1913, 12.1076, 12.3567, 13.3439, 12.5299, 12.713, 12.4127, 12.4013, 12.4578, 12.4663, 12.5557, 12.5778, 12.6218, 12.7003, 12.7512, 12.7648, 12.6878, 13.2337, 12.8125, 12.513, 12.6334, 12.5318, 12.7344, 12.7287, 12.7588, 13.3492, 12.7391, 12.7959, 12.8853, 12.8436, 12.872, 12.8498, 14.4093, 13.2831, 13.2935, 13.401, 13.2197, 13.2007, 13.2115, 13.9024, 13.6911, 13.6282, 13.408, 13.23, 13.3161, 13.511, 13.6211, 13.7561, 13.7422, 13.6993, 13.6322, 13.6154, 14.4328, 13.8087, 13.7738, 13.8815, 13.9168, 14.118, 14.118, 14.3401, 14.4043, 14.2975, 14.2328, 14.128, 14.1403, 15.07, 14.5447, 14.6474, 14.7013, 14.7505, 15.177, 14.9146, 15.0879, 14.8571, 14.9488, 14.9783, 14.9678, 15.4874, 15.1562, 15.09, 15.277, 15.1968, 14.8138, 15.1039, 14.9599, 14.9223, 15.244, 15.1078, 15.1485, 15.825, 15.5798, 15.6257, 15.6157, 15.2284, 15.5258, 15.3722, 15.4276, 15.3518, 15.3921, 15.3392, 15.4539, 16.506, 15.9166, 15.9376, 15.8955, 15.9807, 15.9937, 15.9643, 16.0976, 16.1217, 16.1121, 16.0165, 16.3615, 16.1807, 16.1112, 16.191, 15.7715, 15.7852, 16.2431, 16.9912, 16.1625, 16.0862, 16.1959, 16.4559, 16.572, 16.517, 16.7142, 16.7217, 16.7872, 17.2605, 16.8705, 16.5483, 16.6426, 16.7161, 17.0489, 17.0574, 17.0601, 17.1706, 17.3071, 17.272, 17.2065, 17.0328, 17.2827, 17.2034, 17.0838, 17.9549, 17.6528, 17.6374, 17.503, 17.3995, 17.3151, 17.3992, 17.7816, 17.4776, 17.4449, 18.4801, 17.9683, 18.0661, 17.9882, 18.0238, 18.0917, 18.1788, 17.9415, 17.8948, 17.7275, 18.4181, 18.3376, 18.3052, 18.2826, 18.3158, 18.6405, 18.0836, 18.1408, 18.306, 18.3651, 18.4164, 18.4571, 18.4159, 18.5032, 18.6052, 18.2511, 18.3053, 18.2953, 18.8232, 18.3294, 19.0757, 18.3354, 18.415, 18.5149, 18.5781, 19.6611, 18.7835, 18.8918, 19.3083, 18.8515, 19.9055, 18.9147, 19.0117, 19.2464, 19.6429, 19.5309, 19.2833, 20.101, 19.6135, 20.8006, 19.6191, 19.4016, 19.7578, 20.1152, 20.046, 20.1277, 20.1064, 19.8566, 20.4832, 19.8136, 19.7332, 19.9104, 19.9372, 20.9072, 19.8842, 20.1411, 21.0562, 21.2165, 20.1323, 20.0259, 20.4962, 20.82, 20.7756, 20.8982, 21.2381, 20.8784, 21.3467, 20.9778, 21.8657, 21.6653, 20.9977, 21.0571, 21.1262, 21.2345, 21.1335, 21.1176, 21.1848, 21.6209, 21.1907, 21.2016, 21.1773, 21.0432, 21.2486, 21.781, 20.8959, 20.9195, 21.3963, 21.3972, 21.4565, 21.5404, 21.2985, 21.0296, 22.1811, 21.3786, 21.4944, 21.3936, 21.7791, 21.5678, 21.6377, 21.8756, 21.6664, 22.1063, 22.1531, 22.242, 22.3768, 22.765, 22.3877, 22.7986, 22.5821, 22.9199, 23.0238, 22.563, 22.5497, 22.7187, 22.5089, 22.8261, 22.6735, 22.8995, 22.7889, 22.8433, 22.8028, 23.1852, 22.7747, 23.3291, 23.0776, 22.9489, 22.9755, 23.0232, 22.9589, 23.0901, 23.0618, 23.3318, 23.0974, 22.6571, 22.6602, 22.5978, 22.7114, 23.5788, 23.3846, 23.961, 23.9242, 23.3504, 23.4082, 22.8927, 23.6554, 23.211, 23.3812, 23.3756, 23.4685, 23.3395, 22.9277, 22.8683, 23.702, 23.5519, 24.0129, 23.7367, 24.0902, 24.4631, 24.4718, 24.3273, 24.0363, 23.6926, 24.3403, 23.755, 24.1979, 24.215, 24.247, 24.471, 24.6607, 24.7963, 24.635, 24.5307, 24.1749, 24.241, 24.4128, 25.0153, 24.796, 